NAME	= ahn2_25m_vbf
DESCRIPTION	= 
UNIT	= 
DATAFORMAT	= FLOAT
DATAFILE_OFFSET	= 0
BYTEORDER_BIG	= FALSE
TOPTOBOTTOM	= FALSE
POSITION_XMIN	= 10012.5000000000000000
POSITION_YMIN	= 306262.5000000000000000
CELLCOUNT_X	= 10800
CELLCOUNT_Y	= 12500
CELLSIZE	= 25.0000000000000000
Z_FACTOR	= 1.000000
Z_OFFSET	= 0.000000
NODATA_VALUE	= -99999.000000;-99999.000000
